QGC WPL 110
0	0	0	16	0.000000	0.000000	0.000000	0.000000	-35.552533	149.043143	1301.400024	1
1	0	3	84	0.000000	0.000000	0.000000	0.000000	-35.549976	149.044629	40.000000	1
2	0	10	16	0.000000	0.000000	0.000000	0.000000	-35.551552	149.041357	80.000000	1
3	0	10	16	0.000000	0.000000	0.000000	0.000000	-35.555940	149.040964	80.000000	1
4	0	10	16	0.000000	0.000000	0.000000	0.000000	-35.560691	149.039178	100.000000	1
5	0	0	16	0.000000	0.000000	0.000000	0.000000	-35.539749	149.032846	1473.000000	1
6	0	0	16	0.000000	0.000000	0.000000	0.000000	-35.542570	149.002926	1473.000000	1
7	0	0	16	0.000000	0.000000	0.000000	0.000000	-35.535396	148.991092	1473.000000	1
8	0	0	16	0.000000	0.000000	0.000000	0.000000	-35.529759	148.979226	1473.000000	1
9	0	0	16	0.000000	0.000000	0.000000	0.000000	-35.524513	148.962205	1473.000000	1
10	0	0	16	0.000000	0.000000	0.000000	0.000000	-35.518377	148.967805	1473.000000	1
11	0	0	16	0.000000	0.000000	0.000000	0.000000	-35.511007	148.965185	1473.000000	1
12	0	0	16	0.000000	0.000000	0.000000	0.000000	-35.525412	148.927917	1473.000000	1
13	0	0	16	0.000000	0.000000	0.000000	0.000000	-35.515333	148.925745	1473.000000	1
14	0	0	16	0.000000	0.000000	0.000000	0.000000	-35.512347	148.922259	1473.000000	1
15	0	0	16	0.000000	0.000000	0.000000	0.000000	-35.509060	148.921227	1473.000000	1
16	0	0	16	0.000000	0.000000	0.000000	0.000000	-35.499705	148.929538	1473.000000	1
17	0	0	16	0.000000	0.000000	0.000000	0.000000	-35.502254	148.911023	1473.000000	1
18	0	0	16	0.000000	0.000000	0.000000	0.000000	-35.512762	148.904353	1473.000000	1
19	0	0	16	0.000000	0.000000	0.000000	0.000000	-35.529067	148.900153	1773.000000	1
20	0	0	16	0.000000	0.000000	0.000000	0.000000	-35.535263	148.888184	1773.000000	1
21	0	0	16	0.000000	0.000000	0.000000	0.000000	-35.530105	148.877391	1773.000000	1
22	0	0	16	0.000000	0.000000	0.000000	0.000000	-35.530096	148.864868	1773.000000	1
23	0	0	16	0.000000	0.000000	0.000000	0.000000	-35.524363	148.853356	1773.000000	1
24	0	0	16	0.000000	0.000000	0.000000	0.000000	-35.522360	148.846942	1773.000000	1
25	0	0	16	0.000000	0.000000	0.000000	0.000000	-35.520625	148.834896	1773.000000	1
26	0	0	16	0.000000	0.000000	0.000000	0.000000	-35.520314	148.813424	1773.000000	1
27	0	0	16	0.000000	0.000000	0.000000	0.000000	-35.538054	148.826028	1773.000000	1
28	0	0	16	0.000000	0.000000	0.000000	0.000000	-35.544416	148.823309	1773.000000	1
29	0	0	16	0.000000	0.000000	0.000000	0.000000	-35.550371	148.825510	1773.000000	1
30	0	0	16	0.000000	0.000000	0.000000	0.000000	-35.541113	148.837700	1773.000000	1
31	0	0	16	0.000000	0.000000	0.000000	0.000000	-35.530100	148.848548	1773.000000	1
32	0	0	16	0.000000	0.000000	0.000000	0.000000	-35.537545	148.847853	1773.000000	1
33	0	0	16	0.000000	0.000000	0.000000	0.000000	-35.548892	148.846925	1773.000000	1
34	0	0	16	0.000000	0.000000	0.000000	0.000000	-35.551629	148.857734	1773.000000	1
35	0	0	16	0.000000	0.000000	0.000000	0.000000	-35.542793	148.876822	1773.000000	1
36	0	0	16	0.000000	0.000000	0.000000	0.000000	-35.560572	148.855585	1773.000000	1
37	0	0	16	0.000000	0.000000	0.000000	0.000000	-35.564420	148.858532	1773.000000	1
38	0	0	16	0.000000	0.000000	0.000000	0.000000	-35.566272	148.857418	1773.000000	1
39	0	0	16	0.000000	0.000000	0.000000	0.000000	-35.565970	148.823333	1773.000000	1
40	0	0	16	0.000000	0.000000	0.000000	0.000000	-35.558603	148.807436	1773.000000	1
41	0	0	16	0.000000	0.000000	0.000000	0.000000	-35.574314	148.814633	1773.000000	1
42	0	0	16	0.000000	0.000000	0.000000	0.000000	-35.585460	148.834755	1773.000000	1
43	0	0	16	0.000000	0.000000	0.000000	0.000000	-35.584451	148.842774	1773.000000	1
44	0	0	16	0.000000	0.000000	0.000000	0.000000	-35.578757	148.848346	1773.000000	1
45	0	0	16	0.000000	0.000000	0.000000	0.000000	-35.573157	148.861729	1773.000000	1
46	0	0	16	0.000000	0.000000	0.000000	0.000000	-35.576646	148.862695	1773.000000	1
47	0	0	16	0.000000	0.000000	0.000000	0.000000	-35.573892	148.874551	1773.000000	1
48	0	0	16	0.000000	0.000000	0.000000	0.000000	-35.565799	148.886162	1773.000000	1
49	0	0	16	0.000000	0.000000	0.000000	0.000000	-35.558354	148.900324	1773.000000	1
50	0	0	16	0.000000	0.000000	0.000000	0.000000	-35.556306	148.906292	1773.000000	1
51	0	0	16	0.000000	0.000000	0.000000	0.000000	-35.574724	148.890643	1773.000000	1
52	0	0	16	0.000000	0.000000	0.000000	0.000000	-35.586827	148.887116	1773.000000	1
53	0	0	16	0.000000	0.000000	0.000000	0.000000	-35.588707	148.894446	1773.000000	1
54	0	0	16	0.000000	0.000000	0.000000	0.000000	-35.600236	148.889085	1773.000000	1
55	0	0	16	0.000000	0.000000	0.000000	0.000000	-35.601805	148.913057	1773.000000	1
56	0	0	16	0.000000	0.000000	0.000000	0.000000	-35.584441	148.908166	1773.000000	1
57	0	0	16	0.000000	0.000000	0.000000	0.000000	-35.578858	148.903168	1773.000000	1
58	0	0	16	0.000000	0.000000	0.000000	0.000000	-35.572727	148.923786	1773.000000	1
59	0	0	16	0.000000	0.000000	0.000000	0.000000	-35.595436	148.936179	1773.000000	1
60	0	0	16	0.000000	0.000000	0.000000	0.000000	-35.615361	148.923358	1773.000000	1
61	0	0	16	0.000000	0.000000	0.000000	0.000000	-35.633140	148.945674	1773.000000	1
62	0	0	16	0.000000	0.000000	0.000000	0.000000	-35.615463	148.964654	1773.000000	1
63	0	0	16	0.000000	0.000000	0.000000	0.000000	-35.606085	148.951120	1773.000000	1
64	0	0	16	0.000000	0.000000	0.000000	0.000000	-35.601678	148.966017	1773.000000	1
65	0	0	16	0.000000	0.000000	0.000000	0.000000	-35.612007	148.986981	1773.000000	1
66	0	0	16	0.000000	0.000000	0.000000	0.000000	-35.599241	148.993083	1773.000000	1
67	0	0	16	0.000000	0.000000	0.000000	0.000000	-35.583719	148.989343	1773.000000	1
68	0	0	16	0.000000	0.000000	0.000000	0.000000	-35.586321	148.977486	1773.000000	1
69	0	0	16	0.000000	0.000000	0.000000	0.000000	-35.587829	148.956441	1773.000000	1
70	0	0	16	0.000000	0.000000	0.000000	0.000000	-35.583359	148.944520	1773.000000	1
71	0	0	16	0.000000	0.000000	0.000000	0.000000	-35.554527	148.929957	1773.000000	1
72	0	0	16	0.000000	0.000000	0.000000	0.000000	-35.552436	148.962986	1473.000000	1
73	0	0	16	0.000000	0.000000	0.000000	0.000000	-35.563842	148.971852	1473.000000	1
74	0	0	16	0.000000	0.000000	0.000000	0.000000	-35.580268	149.001697	1473.000000	1
75	0	0	16	0.000000	0.000000	0.000000	0.000000	-35.569664	149.007162	1473.000000	1
76	0	0	16	0.000000	0.000000	0.000000	0.000000	-35.563607	149.013329	1473.000000	1
77	0	0	16	0.000000	0.000000	0.000000	0.000000	-35.581418	149.033351	1473.000000	1
78	0	10	16	0.000000	0.000000	0.000000	0.000000	-35.559270	149.039196	115.000000	1
79	0	10	16	0.000000	0.000000	0.000000	0.000000	-35.557850	149.041390	115.000000	1
80	0	10	16	0.000000	0.000000	0.000000	0.000000	-35.555549	149.043416	115.000000	1
81	0	3	85	0.000000	0.000000	0.000000	0.000000	-35.549921	149.044610	0.000000	1
