QGC WPL 110
0	0	0	16	0.000000	0.000000	0.000000	0.000000	-35.282222	149.005568	579.630005	1
1	0	3	84	0.000000	0.000000	0.000000	0.000000	-35.282260	149.005535	50.000000	1
2	0	10	16	0.000000	0.000000	0.000000	0.000000	-35.279340	149.005956	90.000000	1
3	0	10	16	0.000000	0.000000	0.000000	0.000000	-35.279220	149.008629	90.000000	1
4	0	10	16	0.000000	0.000000	0.000000	0.000000	-35.281621	149.008478	90.000000	1
5	0	10	16	0.000000	0.000000	0.000000	0.000000	-35.282591	149.000948	90.000000	1
6	0	10	16	0.000000	0.000000	0.000000	0.000000	-35.283680	148.986098	110.000000	1
7	0	10	16	0.000000	0.000000	0.000000	0.000000	-35.286573	148.976862	90.000000	1
8	0	10	16	0.000000	0.000000	0.000000	0.000000	-35.282746	148.964537	90.000000	1
9	0	10	16	0.000000	0.000000	0.000000	0.000000	-35.268763	148.958257	80.000000	1
10	0	10	16	0.000000	0.000000	0.000000	0.000000	-35.267772	148.952817	80.000000	1
11	0	0	16	0.000000	0.000000	0.000000	0.000000	-35.265846	148.941511	640.000000	1
12	0	10	16	0.000000	0.000000	0.000000	0.000000	-35.268969	148.935592	95.000000	1
13	0	10	16	0.000000	0.000000	0.000000	0.000000	-35.267640	148.927511	92.500000	1
14	0	10	16	0.000000	0.000000	0.000000	0.000000	-35.275632	148.917379	90.000000	1
15	0	10	16	0.000000	0.000000	0.000000	0.000000	-35.278487	148.911923	100.000000	1
16	0	10	16	0.000000	0.000000	0.000000	0.000000	-35.286629	148.905384	100.000000	1
17	0	10	16	0.000000	0.000000	0.000000	0.000000	-35.322754	148.895255	100.000000	1
18	0	0	16	0.000000	0.000000	0.000000	0.000000	-35.338064	148.887785	1168.000000	1
19	0	0	16	0.000000	0.000000	0.000000	0.000000	-35.357115	148.884371	1168.000000	1
20	0	0	16	0.000000	0.000000	0.000000	0.000000	-35.412634	148.856528	1473.000000	1
21	0	0	16	0.000000	0.000000	0.000000	0.000000	-35.465703	148.857198	1473.000000	1
0	0	0	16	0.000000	0.000000	0.000000	0.000000	-35.467206	148.836655	1773.000000	1
1	0	0	16	0.000000	0.000000	0.000000	0.000000	-35.471139	148.814466	1773.000000	1
2	0	0	16	0.000000	0.000000	0.000000	0.000000	-35.467152	148.807827	1773.000000	1
3	0	0	16	0.000000	0.000000	0.000000	0.000000	-35.463758	148.799888	1773.000000	1
4	0	0	16	0.000000	0.000000	0.000000	0.000000	-35.498268	148.794286	1773.000000	1
5	0	0	16	0.000000	0.000000	0.000000	0.000000	-35.487147	148.816384	1773.000000	1
6	0	0	16	0.000000	0.000000	0.000000	0.000000	-35.477935	148.831771	1773.000000	1
7	0	0	16	0.000000	0.000000	0.000000	0.000000	-35.489924	148.838209	1773.000000	1
8	0	0	16	0.000000	0.000000	0.000000	0.000000	-35.483889	148.841466	1773.000000	1
9	0	0	16	0.000000	0.000000	0.000000	0.000000	-35.485872	148.848728	1773.000000	1
10	0	0	16	0.000000	0.000000	0.000000	0.000000	-35.484209	148.86511	1773.000000	1
11	0	0	16	0.000000	0.000000	0.000000	0.000000	-35.495051	148.870986	1773.000000	1
12	0	0	16	0.000000	0.000000	0.000000	0.000000	-35.494707	148.865359	1773.000000	1
13	0	0	16	0.000000	0.000000	0.000000	0.000000	-35.498168	148.856035	1773.000000	1
14	0	0	16	0.000000	0.000000	0.000000	0.000000	-35.510575	148.855034	1773.000000	1
15	0	0	16	0.000000	0.000000	0.000000	0.000000	-35.52236	148.846942	1773.000000	1
16	0	0	16	0.000000	0.000000	0.000000	0.000000	-35.520625	148.834896	1773.000000	1
17	0	0	16	0.000000	0.000000	0.000000	0.000000	-35.520314	148.813424	1773.000000	1
18	0	0	16	0.000000	0.000000	0.000000	0.000000	-35.538054	148.826028	1773.000000	1
19	0	0	16	0.000000	0.000000	0.000000	0.000000	-35.544416	148.823309	1773.000000	1
20	0	0	16	0.000000	0.000000	0.000000	0.000000	-35.550371	148.82551	1773.000000	1
21	0	0	16	0.000000	0.000000	0.000000	0.000000	-35.558603	148.807436	1773.000000	1
22	0	0	16	0.000000	0.000000	0.000000	0.000000	-35.56597	148.823333	1773.000000	1
23	0	0	16	0.000000	0.000000	0.000000	0.000000	-35.574314	148.814633	1773.000000	1
24	0	0	16	0.000000	0.000000	0.000000	0.000000	-35.58546	148.834755	1773.000000	1
25	0	0	16	0.000000	0.000000	0.000000	0.000000	-35.584451	148.842774	1773.000000	1
26	0	0	16	0.000000	0.000000	0.000000	0.000000	-35.578757	148.848346	1773.000000	1
27	0	0	16	0.000000	0.000000	0.000000	0.000000	-35.601077	148.859591	1773.000000	1
28	0	0	16	0.000000	0.000000	0.000000	0.000000	-35.608559	148.830356	1773.000000	1
29	0	0	16	0.000000	0.000000	0.000000	0.000000	-35.625414	148.851908	1773.000000	1
30	0	0	16	0.000000	0.000000	0.000000	0.000000	-35.629539	148.835086	1773.000000	1
31	0	0	16	0.000000	0.000000	0.000000	0.000000	-35.623956	148.826523	1773.000000	1
32	0	0	16	0.000000	0.000000	0.000000	0.000000	-35.621528	148.811272	1773.000000	1
33	0	0	16	0.000000	0.000000	0.000000	0.000000	-35.618054	148.807145	1773.000000	1
34	0	0	16	0.000000	0.000000	0.000000	0.000000	-35.629082	148.804061	1773.000000	1
35	0	0	16	0.000000	0.000000	0.000000	0.000000	-35.64813	148.817431	1773.000000	1
36	0	0	16	0.000000	0.000000	0.000000	0.000000	-35.656367	148.813841	1773.000000	1
37	0	0	16	0.000000	0.000000	0.000000	0.000000	-35.658953	148.855581	1773.000000	1
38	0	0	16	0.000000	0.000000	0.000000	0.000000	-35.670313	148.863539	1773.000000	1
39	0	0	16	0.000000	0.000000	0.000000	0.000000	-35.692021	148.858539	1773.000000	1
40	0	0	16	0.000000	0.000000	0.000000	0.000000	-35.700833	148.857574	1773.000000	1
41	0	0	16	0.000000	0.000000	0.000000	0.000000	-35.680991	148.895472	1773.000000	1
42	0	0	16	0.000000	0.000000	0.000000	0.000000	-35.704438	148.893616	1773.000000	1
43	0	0	16	0.000000	0.000000	0.000000	0.000000	-35.70353	148.901273	1773.000000	1
44	0	0	16	0.000000	0.000000	0.000000	0.000000	-35.746884	148.915033	1773.000000	1
45	0	0	16	0.000000	0.000000	0.000000	0.000000	-35.7605	148.916972	1773.000000	1
46	0	0	16	0.000000	0.000000	0.000000	0.000000	-35.758545	148.932751	1773.000000	1
47	0	0	16	0.000000	0.000000	0.000000	0.000000	-35.779865	148.936492	1773.000000	1
48	0	0	16	0.000000	0.000000	0.000000	0.000000	-35.786413	148.923905	1773.000000	1
49	0	0	16	0.000000	0.000000	0.000000	0.000000	-35.792733	148.917601	1773.000000	1
50	0	0	16	0.000000	0.000000	0.000000	0.000000	-35.808026	148.927254	1773.000000	1
51	0	0	16	0.000000	0.000000	0.000000	0.000000	-35.827471	148.941211	1773.000000	1
52	0	0	16	0.000000	0.000000	0.000000	0.000000	-35.828702	148.978318	1773.000000	1
53	0	0	16	0.000000	0.000000	0.000000	0.000000	-35.828977	149.011633	1773.000000	1
54	0	0	16	0.000000	0.000000	0.000000	0.000000	-35.839988	149.024353	1773.000000	1
55	0	0	16	0.000000	0.000000	0.000000	0.000000	-35.85265	149.013903	1773.000000	1
56	0	0	16	0.000000	0.000000	0.000000	0.000000	-35.839945	149.002054	1773.000000	1
57	0	0	16	0.000000	0.000000	0.000000	0.000000	-35.848558	148.994055	1773.000000	1
58	0	0	16	0.000000	0.000000	0.000000	0.000000	-35.855413	148.980266	1773.000000	1
59	0	0	16	0.000000	0.000000	0.000000	0.000000	-35.86811	148.998419	1773.000000	1
60	0	0	16	0.000000	0.000000	0.000000	0.000000	-35.883348	149.023141	1773.000000	1
61	0	0	16	0.000000	0.000000	0.000000	0.000000	-35.873184	149.038241	1773.000000	1
62	0	0	16	0.000000	0.000000	0.000000	0.000000	-35.84403	149.035439	1773.000000	1
63	0	0	16	0.000000	0.000000	0.000000	0.000000	-35.837355	149.039784	1773.000000	1
64	0	0	16	0.000000	0.000000	0.000000	0.000000	-35.846586	149.057268	1773.000000	1
65	0	0	16	0.000000	0.000000	0.000000	0.000000	-35.833507	149.063219	1773.000000	1
66	0	0	16	0.000000	0.000000	0.000000	0.000000	-35.820844	149.034871	1773.000000	1
67	0	0	16	0.000000	0.000000	0.000000	0.000000	-35.800127	149.025001	1773.000000	1
68	0	0	16	0.000000	0.000000	0.000000	0.000000	-35.79638	149.051481	1773.000000	1
69	0	0	16	0.000000	0.000000	0.000000	0.000000	-35.821207	149.064623	1773.000000	1
70	0	0	16	0.000000	0.000000	0.000000	0.000000	-35.805762	149.070403	1773.000000	1
71	0	0	16	0.000000	0.000000	0.000000	0.000000	-35.785722	149.071282	1773.000000	1
72	0	0	16	0.000000	0.000000	0.000000	0.000000	-35.761004	149.073275	1773.000000	1
73	0	0	16	0.000000	0.000000	0.000000	0.000000	-35.736166	149.073203	1773.000000	1
74	0	0	16	0.000000	0.000000	0.000000	0.000000	-35.722472	149.085389	1773.000000	1
75	0	0	16	0.000000	0.000000	0.000000	0.000000	-35.711664	149.088195	1773.000000	1
76	0	0	16	0.000000	0.000000	0.000000	0.000000	-35.694622	149.072868	1773.000000	1
77	0	0	16	0.000000	0.000000	0.000000	0.000000	-35.696611	149.044773	1773.000000	1
78	0	0	16	0.000000	0.000000	0.000000	0.000000	-35.706538	149.034107	1773.000000	1
79	0	0	16	0.000000	0.000000	0.000000	0.000000	-35.703853	149.049666	1773.000000	1
80	0	0	16	0.000000	0.000000	0.000000	0.000000	-35.706041	149.067583	1773.000000	1
81	0	0	16	0.000000	0.000000	0.000000	0.000000	-35.716076	149.064709	1773.000000	1
82	0	0	16	0.000000	0.000000	0.000000	0.000000	-35.716125	149.054586	1773.000000	1
83	0	0	16	0.000000	0.000000	0.000000	0.000000	-35.715388	149.042538	1773.000000	1
84	0	0	16	0.000000	0.000000	0.000000	0.000000	-35.739433	149.042103	1773.000000	1
85	0	0	16	0.000000	0.000000	0.000000	0.000000	-35.743516	149.021609	1773.000000	1
86	0	0	16	0.000000	0.000000	0.000000	0.000000	-35.748973	149.02341	1773.000000	1
87	0	0	16	0.000000	0.000000	0.000000	0.000000	-35.759311	149.022943	1773.000000	1
88	0	0	16	0.000000	0.000000	0.000000	0.000000	-35.758345	149.042624	1773.000000	1
89	0	0	16	0.000000	0.000000	0.000000	0.000000	-35.76542	149.047313	1773.000000	1
90	0	0	16	0.000000	0.000000	0.000000	0.000000	-35.785166	149.034554	1773.000000	1
91	0	0	16	0.000000	0.000000	0.000000	0.000000	-35.793355	149.031009	1773.000000	1
92	0	0	16	0.000000	0.000000	0.000000	0.000000	-35.78531	149.023191	1773.000000	1
93	0	0	16	0.000000	0.000000	0.000000	0.000000	-35.783167	149.023684	1773.000000	1
94	0	0	16	0.000000	0.000000	0.000000	0.000000	-35.78126	149.02396	1773.000000	1
95	0	0	16	0.000000	0.000000	0.000000	0.000000	-35.785948	149.019919	1773.000000	1
96	0	0	16	0.000000	0.000000	0.000000	0.000000	-35.789463	149.018674	1773.000000	1
97	0	0	16	0.000000	0.000000	0.000000	0.000000	-35.796521	149.018872	1773.000000	1
98	0	0	16	0.000000	0.000000	0.000000	0.000000	-35.792872	149.00511	1773.000000	1
99	0	0	16	0.000000	0.000000	0.000000	0.000000	-35.801142	148.993689	1773.000000	1
100	0	0	16	0.000000	0.000000	0.000000	0.000000	-35.809198	148.985142	1773.000000	1
101	0	0	16	0.000000	0.000000	0.000000	0.000000	-35.779953	148.988171	1773.000000	1
102	0	0	16	0.000000	0.000000	0.000000	0.000000	-35.781464	148.996021	1773.000000	1
103	0	0	16	0.000000	0.000000	0.000000	0.000000	-35.758938	149.007397	1773.000000	1
104	0	0	16	0.000000	0.000000	0.000000	0.000000	-35.747177	149.005541	1773.000000	1
105	0	0	16	0.000000	0.000000	0.000000	0.000000	-35.731449	149.03109	1773.000000	1
106	0	0	16	0.000000	0.000000	0.000000	0.000000	-35.718245	149.027457	1773.000000	1
107	0	0	16	0.000000	0.000000	0.000000	0.000000	-35.708364	149.007804	1773.000000	1
108	0	0	16	0.000000	0.000000	0.000000	0.000000	-35.708932	148.972838	1773.000000	1
109	0	0	16	0.000000	0.000000	0.000000	0.000000	-35.705108	148.975453	1773.000000	1
110	0	0	16	0.000000	0.000000	0.000000	0.000000	-35.685627	148.989265	1773.000000	1
111	0	0	16	0.000000	0.000000	0.000000	0.000000	-35.65874	148.947035	1773.000000	1
112	0	0	16	0.000000	0.000000	0.000000	0.000000	-35.63314	148.945674	1773.000000	1
113	0	0	16	0.000000	0.000000	0.000000	0.000000	-35.615463	148.964654	1773.000000	1
114	0	0	16	0.000000	0.000000	0.000000	0.000000	-35.606085	148.95112	1773.000000	1
115	0	0	16	0.000000	0.000000	0.000000	0.000000	-35.587829	148.956441	1773.000000	1
116	0	0	16	0.000000	0.000000	0.000000	0.000000	-35.601678	148.966017	1773.000000	1
117	0	0	16	0.000000	0.000000	0.000000	0.000000	-35.612007	148.986981	1773.000000	1
118	0	0	16	0.000000	0.000000	0.000000	0.000000	-35.599241	148.993083	1773.000000	1
119	0	0	16	0.000000	0.000000	0.000000	0.000000	-35.580268	149.001697	1773.000000	1
120	0	0	16	0.000000	0.000000	0.000000	0.000000	-35.583719	148.989343	1773.000000	1
121	0	0	16	0.000000	0.000000	0.000000	0.000000	-35.563842	148.971852	1773.000000	1
122	0	0	16	0.000000	0.000000	0.000000	0.000000	-35.552436	148.962986	1773.000000	1
123	0	0	16	0.000000	0.000000	0.000000	0.000000	-35.569664	149.007162	1773.000000	1
124	0	0	16	0.000000	0.000000	0.000000	0.000000	-35.563607	149.013329	1773.000000	1
125	0	0	16	0.000000	0.000000	0.000000	0.000000	-35.581418	149.033351	1773.000000	1
126	0	0	16	0.000000	0.000000	0.000000	0.000000	-35.539749	149.032846	1773.000000	1
127	0	0	16	0.000000	0.000000	0.000000	0.000000	-35.54257	149.002926	1773.000000	1
128	0	0	16	0.000000	0.000000	0.000000	0.000000	-35.535396	148.991092	1773.000000	1
129	0	0	16	0.000000	0.000000	0.000000	0.000000	-35.529759	148.979226	1773.000000	1
130	0	0	16	0.000000	0.000000	0.000000	0.000000	-35.518377	148.967805	1773.000000	1
131	0	0	16	0.000000	0.000000	0.000000	0.000000	-35.511007	148.965185	1773.000000	1
132	0	0	16	0.000000	0.000000	0.000000	0.000000	-35.524513	148.962205	1773.000000	1
133	0	0	16	0.000000	0.000000	0.000000	0.000000	-35.525412	148.927917	1773.000000	1
134	0	0	16	0.000000	0.000000	0.000000	0.000000	-35.554527	148.929957	1773.000000	1
135	0	0	16	0.000000	0.000000	0.000000	0.000000	-35.556306	148.906292	1773.000000	1
136	0	0	16	0.000000	0.000000	0.000000	0.000000	-35.558354	148.900324	1773.000000	1
137	0	0	16	0.000000	0.000000	0.000000	0.000000	-35.565799	148.886162	1773.000000	1
138	0	0	16	0.000000	0.000000	0.000000	0.000000	-35.542793	148.876822	1773.000000	1
139	0	0	16	0.000000	0.000000	0.000000	0.000000	-35.535263	148.888184	1773.000000	1
140	0	0	16	0.000000	0.000000	0.000000	0.000000	-35.529067	148.900153	1773.000000	1
141	0	0	16	0.000000	0.000000	0.000000	0.000000	-35.512762	148.904353	1773.000000	1
142	0	0	16	0.000000	0.000000	0.000000	0.000000	-35.502254	148.911023	1773.000000	1
143	0	0	16	0.000000	0.000000	0.000000	0.000000	-35.50906	148.921227	1773.000000	1
144	0	0	16	0.000000	0.000000	0.000000	0.000000	-35.512347	148.922259	1773.000000	1
145	0	0	16	0.000000	0.000000	0.000000	0.000000	-35.499705	148.929538	1773.000000	1
146	0	0	16	0.000000	0.000000	0.000000	0.000000	-35.484305	148.922427	1773.000000	1
147	0	0	16	0.000000	0.000000	0.000000	0.000000	-35.480781	148.91007	1773.000000	1
148	0	0	16	0.000000	0.000000	0.000000	0.000000	-35.496018	148.887093	1773.000000	1
149	0	0	16	0.000000	0.000000	0.000000	0.000000	-35.513865	148.881566	1773.000000	1
150	0	0	16	0.000000	0.000000	0.000000	0.000000	-35.530105	148.877391	1773.000000	1
151	0	0	16	0.000000	0.000000	0.000000	0.000000	-35.530096	148.864868	1773.000000	1
152	0	0	16	0.000000	0.000000	0.000000	0.000000	-35.524363	148.853356	1773.000000	1
153	0	0	16	0.000000	0.000000	0.000000	0.000000	-35.5301	148.848548	1773.000000	1
154	0	0	16	0.000000	0.000000	0.000000	0.000000	-35.537545	148.847853	1773.000000	1
155	0	0	16	0.000000	0.000000	0.000000	0.000000	-35.541113	148.8377	1773.000000	1
156	0	0	16	0.000000	0.000000	0.000000	0.000000	-35.548892	148.846925	1773.000000	1
157	0	0	16	0.000000	0.000000	0.000000	0.000000	-35.551629	148.857734	1773.000000	1
158	0	0	16	0.000000	0.000000	0.000000	0.000000	-35.560572	148.855585	1773.000000	1
159	0	0	16	0.000000	0.000000	0.000000	0.000000	-35.56442	148.858532	1773.000000	1
160	0	0	16	0.000000	0.000000	0.000000	0.000000	-35.566272	148.857418	1773.000000	1
161	0	0	16	0.000000	0.000000	0.000000	0.000000	-35.573157	148.861729	1773.000000	1
162	0	0	16	0.000000	0.000000	0.000000	0.000000	-35.576646	148.862695	1773.000000	1
163	0	0	16	0.000000	0.000000	0.000000	0.000000	-35.573892	148.874551	1773.000000	1
164	0	0	16	0.000000	0.000000	0.000000	0.000000	-35.574724	148.890643	1773.000000	1
165	0	0	16	0.000000	0.000000	0.000000	0.000000	-35.578858	148.903168	1773.000000	1
166	0	0	16	0.000000	0.000000	0.000000	0.000000	-35.584441	148.908166	1773.000000	1
167	0	0	16	0.000000	0.000000	0.000000	0.000000	-35.572727	148.923786	1773.000000	1
168	0	0	16	0.000000	0.000000	0.000000	0.000000	-35.583359	148.94452	1773.000000	1
169	0	0	16	0.000000	0.000000	0.000000	0.000000	-35.595436	148.936179	1773.000000	1
170	0	0	16	0.000000	0.000000	0.000000	0.000000	-35.615361	148.923358	1773.000000	1
171	0	0	16	0.000000	0.000000	0.000000	0.000000	-35.601805	148.913057	1773.000000	1
172	0	0	16	0.000000	0.000000	0.000000	0.000000	-35.588707	148.894446	1773.000000	1
173	0	0	16	0.000000	0.000000	0.000000	0.000000	-35.586827	148.887116	1773.000000	1
174	0	0	16	0.000000	0.000000	0.000000	0.000000	-35.600236	148.889085	1773.000000	1
175	0	0	16	0.000000	0.000000	0.000000	0.000000	-35.652008	148.874927	1773.000000	1
176	0	0	16	0.000000	0.000000	0.000000	0.000000	-35.65489	148.93042	1773.000000	1
177	0	0	16	0.000000	0.000000	0.000000	0.000000	-35.691224	148.931434	1773.000000	1
178	0	0	16	0.000000	0.000000	0.000000	0.000000	-35.693011	148.954579	1773.000000	1
179	0	0	16	0.000000	0.000000	0.000000	0.000000	-35.702562	148.914927	1773.000000	1
1	0	0	16	0.000000	0.000000	0.000000	0.000000	-35.496719	148.886549	1473.000000	1
2	0	0	16	0.000000	0.000000	0.000000	0.000000	-35.496018	148.887093	1473.000000	1
3	0	0	16	0.000000	0.000000	0.000000	0.000000	-35.488644	148.897111	1473.000000	1
4	0	0	16	0.000000	0.000000	0.000000	0.000000	-35.468052	148.882968	1473.000000	1
5	0	0	16	0.000000	0.000000	0.000000	0.000000	-35.428742	148.896567	1473.000000	1
6	0	0	16	0.000000	0.000000	0.000000	0.000000	-35.416598	148.900851	1473.000000	1
7	0	0	16	0.000000	0.000000	0.000000	0.000000	-35.410258	148.894085	1473.000000	1
8	0	0	16	0.000000	0.000000	0.000000	0.000000	-35.378045	148.893107	1168.000000	1
9	0	0	16	0.000000	0.000000	0.000000	0.000000	-35.359756	148.904192	900.000000	1
10	0	0	16	0.000000	0.000000	0.000000	0.000000	-35.346677	148.901989	860.000000	1
11	0	0	16	0.000000	0.000000	0.000000	0.000000	-35.328727	148.898693	765.000000	1
12	0	10	16	0.000000	0.000000	0.000000	0.000000	-35.326569	148.899143	100.000000	1
13	0	10	16	0.000000	0.000000	0.000000	0.000000	-35.312545	148.900289	100.000000	1
14	0	10	16	0.000000	0.000000	0.000000	0.000000	-35.296423	148.903660	100.000000	1
15	0	10	16	0.000000	0.000000	0.000000	0.000000	-35.286981	148.905650	100.000000	1
16	0	10	16	0.000000	0.000000	0.000000	0.000000	-35.278846	148.912341	100.000000	1
17	0	10	16	0.000000	0.000000	0.000000	0.000000	-35.274159	148.917469	100.000000	1
18	0	10	16	0.000000	0.000000	0.000000	0.000000	-35.267138	148.927459	92.500000	1
19	0	10	16	0.000000	0.000000	0.000000	0.000000	-35.268506	148.935249	95.000000	1
20	0	10	16	0.000000	0.000000	0.000000	0.000000	-35.265429	148.941527	100.000000	1
21	0	0	16	0.000000	0.000000	0.000000	0.000000	-35.267187	148.952920	640.000000	1
22	0	10	16	0.000000	0.000000	0.000000	0.000000	-35.268131	148.958288	105.000000	1
23	0	10	16	0.000000	0.000000	0.000000	0.000000	-35.282200	148.965218	90.000000	1
24	0	10	16	0.000000	0.000000	0.000000	0.000000	-35.286809	148.974972	90.000000	1
25	0	10	16	0.000000	0.000000	0.000000	0.000000	-35.283407	148.986110	90.000000	1
26	0	10	16	0.000000	0.000000	0.000000	0.000000	-35.279048	149.006153	90.000000	1
27	0	10	16	0.000000	0.000000	0.000000	0.000000	-35.279087	149.008960	90.000000	1
28	0	10	16	0.000000	0.000000	0.000000	0.000000	-35.281748	149.008820	60.000000	1
29	0	10	16	0.000000	0.000000	0.000000	0.000000	-35.281822	149.008232	60.000000	1
30	0	10	85	0.000000	0.000000	0.000000	0.000000	-35.282221	149.005568	0.000000	1
